tnum a:  (0, 0) - tnum b:  (0, 1)
[0] [0, 1]
[0, 1]
result:  0 , 1
tnum a:  (0, 0) - tnum b:  (0, 2)
[0] [0, 2]
[0, 2]
result:  0 , 2
tnum a:  (0, 0) - tnum b:  (0, 3)
[0] [0, 1, 2, 3]
[0, 1, 2, 3]
result:  0 , 3
tnum a:  (0, 0) - tnum b:  (0, 4)
[0] [0, 4]
[0, 4]
result:  0 , 4
tnum a:  (0, 0) - tnum b:  (0, 5)
[0] [0, 1, 4, 5]
[0, 1, 4, 5]
result:  0 , 5
tnum a:  (0, 0) - tnum b:  (0, 6)
[0] [0, 2, 4, 6]
[0, 2, 4, 6]
result:  0 , 6
tnum a:  (0, 0) - tnum b:  (0, 7)
[0] [0, 1, 2, 3, 4, 5, 6, 7]
[0, 1, 2, 3, 4, 5, 6, 7]
result:  0 , 7
tnum a:  (0, 0) - tnum b:  (1, 0)
[0] [1]
[1]
result:  1 , 0
tnum a:  (0, 0) - tnum b:  (1, 2)
[0] [1, 3]
[1, 3]
result:  1 , 2
tnum a:  (0, 0) - tnum b:  (1, 4)
[0] [1, 5]
[1, 5]
result:  1 , 4
tnum a:  (0, 0) - tnum b:  (1, 6)
[0] [1, 3, 5, 7]
[1, 3, 5, 7]
result:  1 , 6
tnum a:  (0, 0) - tnum b:  (2, 0)
[0] [2]
[2]
result:  2 , 0
tnum a:  (0, 0) - tnum b:  (2, 1)
[0] [2, 3]
[2, 3]
result:  2 , 1
tnum a:  (0, 0) - tnum b:  (2, 4)
[0] [2, 6]
[2, 6]
result:  2 , 4
tnum a:  (0, 0) - tnum b:  (2, 5)
[0] [2, 3, 6, 7]
[2, 3, 6, 7]
result:  2 , 5
tnum a:  (0, 0) - tnum b:  (3, 0)
[0] [3]
[3]
result:  3 , 0
tnum a:  (0, 0) - tnum b:  (3, 4)
[0] [3, 7]
[3, 7]
result:  3 , 4
tnum a:  (0, 0) - tnum b:  (4, 0)
[0] [4]
[4]
result:  4 , 0
tnum a:  (0, 0) - tnum b:  (4, 1)
[0] [4, 5]
[4, 5]
result:  4 , 1
tnum a:  (0, 0) - tnum b:  (4, 2)
[0] [4, 6]
[4, 6]
result:  4 , 2
tnum a:  (0, 0) - tnum b:  (4, 3)
[0] [4, 5, 6, 7]
[4, 5, 6, 7]
result:  4 , 3
tnum a:  (0, 0) - tnum b:  (5, 0)
[0] [5]
[5]
result:  5 , 0
tnum a:  (0, 0) - tnum b:  (5, 2)
[0] [5, 7]
[5, 7]
result:  5 , 2
tnum a:  (0, 0) - tnum b:  (6, 0)
[0] [6]
[6]
result:  6 , 0
tnum a:  (0, 0) - tnum b:  (6, 1)
[0] [6, 7]
[6, 7]
result:  6 , 1
tnum a:  (0, 0) - tnum b:  (7, 0)
[0] [7]
[7]
result:  7 , 0
tnum a:  (0, 1) - tnum b:  (0, 2)
[0, 1] [0, 2]
[0, 2, 1, 3]
result:  0 , 3
tnum a:  (0, 1) - tnum b:  (0, 3)
[0, 1] [0, 1, 2, 3]
[0, 1, 2, 3, 1, 2, 3, 4]
result:  0 , 7
tnum a:  (0, 1) - tnum b:  (0, 4)
[0, 1] [0, 4]
[0, 4, 1, 5]
result:  0 , 5
tnum a:  (0, 1) - tnum b:  (0, 5)
[0, 1] [0, 1, 4, 5]
[0, 1, 4, 5, 1, 2, 5, 6]
result:  0 , 7
tnum a:  (0, 1) - tnum b:  (0, 6)
[0, 1] [0, 2, 4, 6]
[0, 2, 4, 6, 1, 3, 5, 7]
result:  0 , 7
tnum a:  (0, 1) - tnum b:  (0, 7)
[0, 1] [0, 1, 2, 3, 4, 5, 6, 7]
[0, 1, 2, 3, 4, 5, 6, 7, 1, 2, 3, 4, 5, 6, 7, 0]
result:  0 , 7
tnum a:  (0, 1) - tnum b:  (1, 0)
[0, 1] [1]
[1, 2]
result:  0 , 3
tnum a:  (0, 1) - tnum b:  (1, 2)
[0, 1] [1, 3]
[1, 3, 2, 4]
result:  0 , 7
tnum a:  (0, 1) - tnum b:  (1, 4)
[0, 1] [1, 5]
[1, 5, 2, 6]
result:  0 , 7
tnum a:  (0, 1) - tnum b:  (1, 6)
[0, 1] [1, 3, 5, 7]
[1, 3, 5, 7, 2, 4, 6, 0]
result:  0 , 7
tnum a:  (0, 1) - tnum b:  (2, 0)
[0, 1] [2]
[2, 3]
result:  2 , 1
tnum a:  (0, 1) - tnum b:  (2, 1)
[0, 1] [2, 3]
[2, 3, 3, 4]
result:  0 , 7
tnum a:  (0, 1) - tnum b:  (2, 4)
[0, 1] [2, 6]
[2, 6, 3, 7]
result:  2 , 5
tnum a:  (0, 1) - tnum b:  (2, 5)
[0, 1] [2, 3, 6, 7]
[2, 3, 6, 7, 3, 4, 7, 0]
result:  0 , 7
tnum a:  (0, 1) - tnum b:  (3, 0)
[0, 1] [3]
[3, 4]
result:  0 , 7
tnum a:  (0, 1) - tnum b:  (3, 4)
[0, 1] [3, 7]
[3, 7, 4, 0]
result:  0 , 7
tnum a:  (0, 1) - tnum b:  (4, 0)
[0, 1] [4]
[4, 5]
result:  4 , 1
tnum a:  (0, 1) - tnum b:  (4, 1)
[0, 1] [4, 5]
[4, 5, 5, 6]
result:  4 , 3
tnum a:  (0, 1) - tnum b:  (4, 2)
[0, 1] [4, 6]
[4, 6, 5, 7]
result:  4 , 3
tnum a:  (0, 1) - tnum b:  (4, 3)
[0, 1] [4, 5, 6, 7]
[4, 5, 6, 7, 5, 6, 7, 0]
result:  0 , 7
tnum a:  (0, 1) - tnum b:  (5, 0)
[0, 1] [5]
[5, 6]
result:  4 , 3
tnum a:  (0, 1) - tnum b:  (5, 2)
[0, 1] [5, 7]
[5, 7, 6, 0]
result:  0 , 7
tnum a:  (0, 1) - tnum b:  (6, 0)
[0, 1] [6]
[6, 7]
result:  6 , 1
tnum a:  (0, 1) - tnum b:  (6, 1)
[0, 1] [6, 7]
[6, 7, 7, 0]
result:  0 , 7
tnum a:  (0, 1) - tnum b:  (7, 0)
[0, 1] [7]
[7, 0]
result:  0 , 7
tnum a:  (0, 2) - tnum b:  (0, 3)
[0, 2] [0, 1, 2, 3]
[0, 1, 2, 3, 2, 3, 4, 5]
result:  0 , 7
tnum a:  (0, 2) - tnum b:  (0, 4)
[0, 2] [0, 4]
[0, 4, 2, 6]
result:  0 , 6
tnum a:  (0, 2) - tnum b:  (0, 5)
[0, 2] [0, 1, 4, 5]
[0, 1, 4, 5, 2, 3, 6, 7]
result:  0 , 7
tnum a:  (0, 2) - tnum b:  (0, 6)
[0, 2] [0, 2, 4, 6]
[0, 2, 4, 6, 2, 4, 6, 0]
result:  0 , 6
tnum a:  (0, 2) - tnum b:  (0, 7)
[0, 2] [0, 1, 2, 3, 4, 5, 6, 7]
[0, 1, 2, 3, 4, 5, 6, 7, 2, 3, 4, 5, 6, 7, 0, 1]
result:  0 , 7
tnum a:  (0, 2) - tnum b:  (1, 0)
[0, 2] [1]
[1, 3]
result:  1 , 2
tnum a:  (0, 2) - tnum b:  (1, 2)
[0, 2] [1, 3]
[1, 3, 3, 5]
result:  1 , 6
tnum a:  (0, 2) - tnum b:  (1, 4)
[0, 2] [1, 5]
[1, 5, 3, 7]
result:  1 , 6
tnum a:  (0, 2) - tnum b:  (1, 6)
[0, 2] [1, 3, 5, 7]
[1, 3, 5, 7, 3, 5, 7, 1]
result:  1 , 6
tnum a:  (0, 2) - tnum b:  (2, 0)
[0, 2] [2]
[2, 4]
result:  0 , 6
tnum a:  (0, 2) - tnum b:  (2, 1)
[0, 2] [2, 3]
[2, 3, 4, 5]
result:  0 , 7
tnum a:  (0, 2) - tnum b:  (2, 4)
[0, 2] [2, 6]
[2, 6, 4, 0]
result:  0 , 6
tnum a:  (0, 2) - tnum b:  (2, 5)
[0, 2] [2, 3, 6, 7]
[2, 3, 6, 7, 4, 5, 0, 1]
result:  0 , 7
tnum a:  (0, 2) - tnum b:  (3, 0)
[0, 2] [3]
[3, 5]
result:  1 , 6
tnum a:  (0, 2) - tnum b:  (3, 4)
[0, 2] [3, 7]
[3, 7, 5, 1]
result:  1 , 6
tnum a:  (0, 2) - tnum b:  (4, 0)
[0, 2] [4]
[4, 6]
result:  4 , 2
tnum a:  (0, 2) - tnum b:  (4, 1)
[0, 2] [4, 5]
[4, 5, 6, 7]
result:  4 , 3
tnum a:  (0, 2) - tnum b:  (4, 2)
[0, 2] [4, 6]
[4, 6, 6, 0]
result:  0 , 6
tnum a:  (0, 2) - tnum b:  (4, 3)
[0, 2] [4, 5, 6, 7]
[4, 5, 6, 7, 6, 7, 0, 1]
result:  0 , 7
tnum a:  (0, 2) - tnum b:  (5, 0)
[0, 2] [5]
[5, 7]
result:  5 , 2
tnum a:  (0, 2) - tnum b:  (5, 2)
[0, 2] [5, 7]
[5, 7, 7, 1]
result:  1 , 6
tnum a:  (0, 2) - tnum b:  (6, 0)
[0, 2] [6]
[6, 0]
result:  0 , 6
tnum a:  (0, 2) - tnum b:  (6, 1)
[0, 2] [6, 7]
[6, 7, 0, 1]
result:  0 , 7
tnum a:  (0, 2) - tnum b:  (7, 0)
[0, 2] [7]
[7, 1]
result:  1 , 6
tnum a:  (0, 3) - tnum b:  (0, 4)
[0, 1, 2, 3] [0, 4]
[0, 4, 1, 5, 2, 6, 3, 7]
result:  0 , 7
tnum a:  (0, 3) - tnum b:  (0, 5)
[0, 1, 2, 3] [0, 1, 4, 5]
[0, 1, 4, 5, 1, 2, 5, 6, 2, 3, 6, 7, 3, 4, 7, 0]
result:  0 , 7
tnum a:  (0, 3) - tnum b:  (0, 6)
[0, 1, 2, 3] [0, 2, 4, 6]
[0, 2, 4, 6, 1, 3, 5, 7, 2, 4, 6, 0, 3, 5, 7, 1]
result:  0 , 7
tnum a:  (0, 3) - tnum b:  (0, 7)
[0, 1, 2, 3] [0, 1, 2, 3, 4, 5, 6, 7]
[0, 1, 2, 3, 4, 5, 6, 7, 1, 2, 3, 4, 5, 6, 7, 0, 2, 3, 4, 5, 6, 7, 0, 1, 3, 4, 5, 6, 7, 0, 1, 2]
result:  0 , 7
tnum a:  (0, 3) - tnum b:  (1, 0)
[0, 1, 2, 3] [1]
[1, 2, 3, 4]
result:  0 , 7
tnum a:  (0, 3) - tnum b:  (1, 2)
[0, 1, 2, 3] [1, 3]
[1, 3, 2, 4, 3, 5, 4, 6]
result:  0 , 7
tnum a:  (0, 3) - tnum b:  (1, 4)
[0, 1, 2, 3] [1, 5]
[1, 5, 2, 6, 3, 7, 4, 0]
result:  0 , 7
tnum a:  (0, 3) - tnum b:  (1, 6)
[0, 1, 2, 3] [1, 3, 5, 7]
[1, 3, 5, 7, 2, 4, 6, 0, 3, 5, 7, 1, 4, 6, 0, 2]
result:  0 , 7
tnum a:  (0, 3) - tnum b:  (2, 0)
[0, 1, 2, 3] [2]
[2, 3, 4, 5]
result:  0 , 7
tnum a:  (0, 3) - tnum b:  (2, 1)
[0, 1, 2, 3] [2, 3]
[2, 3, 3, 4, 4, 5, 5, 6]
result:  0 , 7
tnum a:  (0, 3) - tnum b:  (2, 4)
[0, 1, 2, 3] [2, 6]
[2, 6, 3, 7, 4, 0, 5, 1]
result:  0 , 7
tnum a:  (0, 3) - tnum b:  (2, 5)
[0, 1, 2, 3] [2, 3, 6, 7]
[2, 3, 6, 7, 3, 4, 7, 0, 4, 5, 0, 1, 5, 6, 1, 2]
result:  0 , 7
tnum a:  (0, 3) - tnum b:  (3, 0)
[0, 1, 2, 3] [3]
[3, 4, 5, 6]
result:  0 , 7
tnum a:  (0, 3) - tnum b:  (3, 4)
[0, 1, 2, 3] [3, 7]
[3, 7, 4, 0, 5, 1, 6, 2]
result:  0 , 7
tnum a:  (0, 3) - tnum b:  (4, 0)
[0, 1, 2, 3] [4]
[4, 5, 6, 7]
result:  4 , 3
tnum a:  (0, 3) - tnum b:  (4, 1)
[0, 1, 2, 3] [4, 5]
[4, 5, 5, 6, 6, 7, 7, 0]
result:  0 , 7
tnum a:  (0, 3) - tnum b:  (4, 2)
[0, 1, 2, 3] [4, 6]
[4, 6, 5, 7, 6, 0, 7, 1]
result:  0 , 7
tnum a:  (0, 3) - tnum b:  (4, 3)
[0, 1, 2, 3] [4, 5, 6, 7]
[4, 5, 6, 7, 5, 6, 7, 0, 6, 7, 0, 1, 7, 0, 1, 2]
result:  0 , 7
tnum a:  (0, 3) - tnum b:  (5, 0)
[0, 1, 2, 3] [5]
[5, 6, 7, 0]
result:  0 , 7
tnum a:  (0, 3) - tnum b:  (5, 2)
[0, 1, 2, 3] [5, 7]
[5, 7, 6, 0, 7, 1, 0, 2]
result:  0 , 7
tnum a:  (0, 3) - tnum b:  (6, 0)
[0, 1, 2, 3] [6]
[6, 7, 0, 1]
result:  0 , 7
tnum a:  (0, 3) - tnum b:  (6, 1)
[0, 1, 2, 3] [6, 7]
[6, 7, 7, 0, 0, 1, 1, 2]
result:  0 , 7
tnum a:  (0, 3) - tnum b:  (7, 0)
[0, 1, 2, 3] [7]
[7, 0, 1, 2]
result:  0 , 7
tnum a:  (0, 4) - tnum b:  (0, 5)
[0, 4] [0, 1, 4, 5]
[0, 1, 4, 5, 4, 5, 0, 1]
result:  0 , 5
tnum a:  (0, 4) - tnum b:  (0, 6)
[0, 4] [0, 2, 4, 6]
[0, 2, 4, 6, 4, 6, 0, 2]
result:  0 , 6
tnum a:  (0, 4) - tnum b:  (0, 7)
[0, 4] [0, 1, 2, 3, 4, 5, 6, 7]
[0, 1, 2, 3, 4, 5, 6, 7, 4, 5, 6, 7, 0, 1, 2, 3]
result:  0 , 7
tnum a:  (0, 4) - tnum b:  (1, 0)
[0, 4] [1]
[1, 5]
result:  1 , 4
tnum a:  (0, 4) - tnum b:  (1, 2)
[0, 4] [1, 3]
[1, 3, 5, 7]
result:  1 , 6
tnum a:  (0, 4) - tnum b:  (1, 4)
[0, 4] [1, 5]
[1, 5, 5, 1]
result:  1 , 4
tnum a:  (0, 4) - tnum b:  (1, 6)
[0, 4] [1, 3, 5, 7]
[1, 3, 5, 7, 5, 7, 1, 3]
result:  1 , 6
tnum a:  (0, 4) - tnum b:  (2, 0)
[0, 4] [2]
[2, 6]
result:  2 , 4
tnum a:  (0, 4) - tnum b:  (2, 1)
[0, 4] [2, 3]
[2, 3, 6, 7]
result:  2 , 5
tnum a:  (0, 4) - tnum b:  (2, 4)
[0, 4] [2, 6]
[2, 6, 6, 2]
result:  2 , 4
tnum a:  (0, 4) - tnum b:  (2, 5)
[0, 4] [2, 3, 6, 7]
[2, 3, 6, 7, 6, 7, 2, 3]
result:  2 , 5
tnum a:  (0, 4) - tnum b:  (3, 0)
[0, 4] [3]
[3, 7]
result:  3 , 4
tnum a:  (0, 4) - tnum b:  (3, 4)
[0, 4] [3, 7]
[3, 7, 7, 3]
result:  3 , 4
tnum a:  (0, 4) - tnum b:  (4, 0)
[0, 4] [4]
[4, 0]
result:  0 , 4
tnum a:  (0, 4) - tnum b:  (4, 1)
[0, 4] [4, 5]
[4, 5, 0, 1]
result:  0 , 5
tnum a:  (0, 4) - tnum b:  (4, 2)
[0, 4] [4, 6]
[4, 6, 0, 2]
result:  0 , 6
tnum a:  (0, 4) - tnum b:  (4, 3)
[0, 4] [4, 5, 6, 7]
[4, 5, 6, 7, 0, 1, 2, 3]
result:  0 , 7
tnum a:  (0, 4) - tnum b:  (5, 0)
[0, 4] [5]
[5, 1]
result:  1 , 4
tnum a:  (0, 4) - tnum b:  (5, 2)
[0, 4] [5, 7]
[5, 7, 1, 3]
result:  1 , 6
tnum a:  (0, 4) - tnum b:  (6, 0)
[0, 4] [6]
[6, 2]
result:  2 , 4
tnum a:  (0, 4) - tnum b:  (6, 1)
[0, 4] [6, 7]
[6, 7, 2, 3]
result:  2 , 5
tnum a:  (0, 4) - tnum b:  (7, 0)
[0, 4] [7]
[7, 3]
result:  3 , 4
tnum a:  (0, 5) - tnum b:  (0, 6)
[0, 1, 4, 5] [0, 2, 4, 6]
[0, 2, 4, 6, 1, 3, 5, 7, 4, 6, 0, 2, 5, 7, 1, 3]
result:  0 , 7
tnum a:  (0, 5) - tnum b:  (0, 7)
[0, 1, 4, 5] [0, 1, 2, 3, 4, 5, 6, 7]
[0, 1, 2, 3, 4, 5, 6, 7, 1, 2, 3, 4, 5, 6, 7, 0, 4, 5, 6, 7, 0, 1, 2, 3, 5, 6, 7, 0, 1, 2, 3, 4]
result:  0 , 7
tnum a:  (0, 5) - tnum b:  (1, 0)
[0, 1, 4, 5] [1]
[1, 2, 5, 6]
result:  0 , 7
tnum a:  (0, 5) - tnum b:  (1, 2)
[0, 1, 4, 5] [1, 3]
[1, 3, 2, 4, 5, 7, 6, 0]
result:  0 , 7
tnum a:  (0, 5) - tnum b:  (1, 4)
[0, 1, 4, 5] [1, 5]
[1, 5, 2, 6, 5, 1, 6, 2]
result:  0 , 7
tnum a:  (0, 5) - tnum b:  (1, 6)
[0, 1, 4, 5] [1, 3, 5, 7]
[1, 3, 5, 7, 2, 4, 6, 0, 5, 7, 1, 3, 6, 0, 2, 4]
result:  0 , 7
tnum a:  (0, 5) - tnum b:  (2, 0)
[0, 1, 4, 5] [2]
[2, 3, 6, 7]
result:  2 , 5
tnum a:  (0, 5) - tnum b:  (2, 1)
[0, 1, 4, 5] [2, 3]
[2, 3, 3, 4, 6, 7, 7, 0]
result:  0 , 7
tnum a:  (0, 5) - tnum b:  (2, 4)
[0, 1, 4, 5] [2, 6]
[2, 6, 3, 7, 6, 2, 7, 3]
result:  2 , 5
tnum a:  (0, 5) - tnum b:  (2, 5)
[0, 1, 4, 5] [2, 3, 6, 7]
[2, 3, 6, 7, 3, 4, 7, 0, 6, 7, 2, 3, 7, 0, 3, 4]
result:  0 , 7
tnum a:  (0, 5) - tnum b:  (3, 0)
[0, 1, 4, 5] [3]
[3, 4, 7, 0]
result:  0 , 7
tnum a:  (0, 5) - tnum b:  (3, 4)
[0, 1, 4, 5] [3, 7]
[3, 7, 4, 0, 7, 3, 0, 4]
result:  0 , 7
tnum a:  (0, 5) - tnum b:  (4, 0)
[0, 1, 4, 5] [4]
[4, 5, 0, 1]
result:  0 , 5
tnum a:  (0, 5) - tnum b:  (4, 1)
[0, 1, 4, 5] [4, 5]
[4, 5, 5, 6, 0, 1, 1, 2]
result:  0 , 7
tnum a:  (0, 5) - tnum b:  (4, 2)
[0, 1, 4, 5] [4, 6]
[4, 6, 5, 7, 0, 2, 1, 3]
result:  0 , 7
tnum a:  (0, 5) - tnum b:  (4, 3)
[0, 1, 4, 5] [4, 5, 6, 7]
[4, 5, 6, 7, 5, 6, 7, 0, 0, 1, 2, 3, 1, 2, 3, 4]
result:  0 , 7
tnum a:  (0, 5) - tnum b:  (5, 0)
[0, 1, 4, 5] [5]
[5, 6, 1, 2]
result:  0 , 7
tnum a:  (0, 5) - tnum b:  (5, 2)
[0, 1, 4, 5] [5, 7]
[5, 7, 6, 0, 1, 3, 2, 4]
result:  0 , 7
tnum a:  (0, 5) - tnum b:  (6, 0)
[0, 1, 4, 5] [6]
[6, 7, 2, 3]
result:  2 , 5
tnum a:  (0, 5) - tnum b:  (6, 1)
[0, 1, 4, 5] [6, 7]
[6, 7, 7, 0, 2, 3, 3, 4]
result:  0 , 7
tnum a:  (0, 5) - tnum b:  (7, 0)
[0, 1, 4, 5] [7]
[7, 0, 3, 4]
result:  0 , 7
tnum a:  (0, 6) - tnum b:  (0, 7)
[0, 2, 4, 6] [0, 1, 2, 3, 4, 5, 6, 7]
[0, 1, 2, 3, 4, 5, 6, 7, 2, 3, 4, 5, 6, 7, 0, 1, 4, 5, 6, 7, 0, 1, 2, 3, 6, 7, 0, 1, 2, 3, 4, 5]
result:  0 , 7
tnum a:  (0, 6) - tnum b:  (1, 0)
[0, 2, 4, 6] [1]
[1, 3, 5, 7]
result:  1 , 6
tnum a:  (0, 6) - tnum b:  (1, 2)
[0, 2, 4, 6] [1, 3]
[1, 3, 3, 5, 5, 7, 7, 1]
result:  1 , 6
tnum a:  (0, 6) - tnum b:  (1, 4)
[0, 2, 4, 6] [1, 5]
[1, 5, 3, 7, 5, 1, 7, 3]
result:  1 , 6
tnum a:  (0, 6) - tnum b:  (1, 6)
[0, 2, 4, 6] [1, 3, 5, 7]
[1, 3, 5, 7, 3, 5, 7, 1, 5, 7, 1, 3, 7, 1, 3, 5]
result:  1 , 6
tnum a:  (0, 6) - tnum b:  (2, 0)
[0, 2, 4, 6] [2]
[2, 4, 6, 0]
result:  0 , 6
tnum a:  (0, 6) - tnum b:  (2, 1)
[0, 2, 4, 6] [2, 3]
[2, 3, 4, 5, 6, 7, 0, 1]
result:  0 , 7
tnum a:  (0, 6) - tnum b:  (2, 4)
[0, 2, 4, 6] [2, 6]
[2, 6, 4, 0, 6, 2, 0, 4]
result:  0 , 6
tnum a:  (0, 6) - tnum b:  (2, 5)
[0, 2, 4, 6] [2, 3, 6, 7]
[2, 3, 6, 7, 4, 5, 0, 1, 6, 7, 2, 3, 0, 1, 4, 5]
result:  0 , 7
tnum a:  (0, 6) - tnum b:  (3, 0)
[0, 2, 4, 6] [3]
[3, 5, 7, 1]
result:  1 , 6
tnum a:  (0, 6) - tnum b:  (3, 4)
[0, 2, 4, 6] [3, 7]
[3, 7, 5, 1, 7, 3, 1, 5]
result:  1 , 6
tnum a:  (0, 6) - tnum b:  (4, 0)
[0, 2, 4, 6] [4]
[4, 6, 0, 2]
result:  0 , 6
tnum a:  (0, 6) - tnum b:  (4, 1)
[0, 2, 4, 6] [4, 5]
[4, 5, 6, 7, 0, 1, 2, 3]
result:  0 , 7
tnum a:  (0, 6) - tnum b:  (4, 2)
[0, 2, 4, 6] [4, 6]
[4, 6, 6, 0, 0, 2, 2, 4]
result:  0 , 6
tnum a:  (0, 6) - tnum b:  (4, 3)
[0, 2, 4, 6] [4, 5, 6, 7]
[4, 5, 6, 7, 6, 7, 0, 1, 0, 1, 2, 3, 2, 3, 4, 5]
result:  0 , 7
tnum a:  (0, 6) - tnum b:  (5, 0)
[0, 2, 4, 6] [5]
[5, 7, 1, 3]
result:  1 , 6
tnum a:  (0, 6) - tnum b:  (5, 2)
[0, 2, 4, 6] [5, 7]
[5, 7, 7, 1, 1, 3, 3, 5]
result:  1 , 6
tnum a:  (0, 6) - tnum b:  (6, 0)
[0, 2, 4, 6] [6]
[6, 0, 2, 4]
result:  0 , 6
tnum a:  (0, 6) - tnum b:  (6, 1)
[0, 2, 4, 6] [6, 7]
[6, 7, 0, 1, 2, 3, 4, 5]
result:  0 , 7
tnum a:  (0, 6) - tnum b:  (7, 0)
[0, 2, 4, 6] [7]
[7, 1, 3, 5]
result:  1 , 6
tnum a:  (0, 7) - tnum b:  (1, 0)
[0, 1, 2, 3, 4, 5, 6, 7] [1]
[1, 2, 3, 4, 5, 6, 7, 0]
result:  0 , 7
tnum a:  (0, 7) - tnum b:  (1, 2)
[0, 1, 2, 3, 4, 5, 6, 7] [1, 3]
[1, 3, 2, 4, 3, 5, 4, 6, 5, 7, 6, 0, 7, 1, 0, 2]
result:  0 , 7
tnum a:  (0, 7) - tnum b:  (1, 4)
[0, 1, 2, 3, 4, 5, 6, 7] [1, 5]
[1, 5, 2, 6, 3, 7, 4, 0, 5, 1, 6, 2, 7, 3, 0, 4]
result:  0 , 7
tnum a:  (0, 7) - tnum b:  (1, 6)
[0, 1, 2, 3, 4, 5, 6, 7] [1, 3, 5, 7]
[1, 3, 5, 7, 2, 4, 6, 0, 3, 5, 7, 1, 4, 6, 0, 2, 5, 7, 1, 3, 6, 0, 2, 4, 7, 1, 3, 5, 0, 2, 4, 6]
result:  0 , 7
tnum a:  (0, 7) - tnum b:  (2, 0)
[0, 1, 2, 3, 4, 5, 6, 7] [2]
[2, 3, 4, 5, 6, 7, 0, 1]
result:  0 , 7
tnum a:  (0, 7) - tnum b:  (2, 1)
[0, 1, 2, 3, 4, 5, 6, 7] [2, 3]
[2, 3, 3, 4, 4, 5, 5, 6, 6, 7, 7, 0, 0, 1, 1, 2]
result:  0 , 7
tnum a:  (0, 7) - tnum b:  (2, 4)
[0, 1, 2, 3, 4, 5, 6, 7] [2, 6]
[2, 6, 3, 7, 4, 0, 5, 1, 6, 2, 7, 3, 0, 4, 1, 5]
result:  0 , 7
tnum a:  (0, 7) - tnum b:  (2, 5)
[0, 1, 2, 3, 4, 5, 6, 7] [2, 3, 6, 7]
[2, 3, 6, 7, 3, 4, 7, 0, 4, 5, 0, 1, 5, 6, 1, 2, 6, 7, 2, 3, 7, 0, 3, 4, 0, 1, 4, 5, 1, 2, 5, 6]
result:  0 , 7
tnum a:  (0, 7) - tnum b:  (3, 0)
[0, 1, 2, 3, 4, 5, 6, 7] [3]
[3, 4, 5, 6, 7, 0, 1, 2]
result:  0 , 7
tnum a:  (0, 7) - tnum b:  (3, 4)
[0, 1, 2, 3, 4, 5, 6, 7] [3, 7]
[3, 7, 4, 0, 5, 1, 6, 2, 7, 3, 0, 4, 1, 5, 2, 6]
result:  0 , 7
tnum a:  (0, 7) - tnum b:  (4, 0)
[0, 1, 2, 3, 4, 5, 6, 7] [4]
[4, 5, 6, 7, 0, 1, 2, 3]
result:  0 , 7
tnum a:  (0, 7) - tnum b:  (4, 1)
[0, 1, 2, 3, 4, 5, 6, 7] [4, 5]
[4, 5, 5, 6, 6, 7, 7, 0, 0, 1, 1, 2, 2, 3, 3, 4]
result:  0 , 7
tnum a:  (0, 7) - tnum b:  (4, 2)
[0, 1, 2, 3, 4, 5, 6, 7] [4, 6]
[4, 6, 5, 7, 6, 0, 7, 1, 0, 2, 1, 3, 2, 4, 3, 5]
result:  0 , 7
tnum a:  (0, 7) - tnum b:  (4, 3)
[0, 1, 2, 3, 4, 5, 6, 7] [4, 5, 6, 7]
[4, 5, 6, 7, 5, 6, 7, 0, 6, 7, 0, 1, 7, 0, 1, 2, 0, 1, 2, 3, 1, 2, 3, 4, 2, 3, 4, 5, 3, 4, 5, 6]
result:  0 , 7
tnum a:  (0, 7) - tnum b:  (5, 0)
[0, 1, 2, 3, 4, 5, 6, 7] [5]
[5, 6, 7, 0, 1, 2, 3, 4]
result:  0 , 7
tnum a:  (0, 7) - tnum b:  (5, 2)
[0, 1, 2, 3, 4, 5, 6, 7] [5, 7]
[5, 7, 6, 0, 7, 1, 0, 2, 1, 3, 2, 4, 3, 5, 4, 6]
result:  0 , 7
tnum a:  (0, 7) - tnum b:  (6, 0)
[0, 1, 2, 3, 4, 5, 6, 7] [6]
[6, 7, 0, 1, 2, 3, 4, 5]
result:  0 , 7
tnum a:  (0, 7) - tnum b:  (6, 1)
[0, 1, 2, 3, 4, 5, 6, 7] [6, 7]
[6, 7, 7, 0, 0, 1, 1, 2, 2, 3, 3, 4, 4, 5, 5, 6]
result:  0 , 7
tnum a:  (0, 7) - tnum b:  (7, 0)
[0, 1, 2, 3, 4, 5, 6, 7] [7]
[7, 0, 1, 2, 3, 4, 5, 6]
result:  0 , 7
tnum a:  (1, 0) - tnum b:  (1, 2)
[1] [1, 3]
[2, 4]
result:  0 , 6
tnum a:  (1, 0) - tnum b:  (1, 4)
[1] [1, 5]
[2, 6]
result:  2 , 4
tnum a:  (1, 0) - tnum b:  (1, 6)
[1] [1, 3, 5, 7]
[2, 4, 6, 0]
result:  0 , 6
tnum a:  (1, 0) - tnum b:  (2, 0)
[1] [2]
[3]
result:  3 , 0
tnum a:  (1, 0) - tnum b:  (2, 1)
[1] [2, 3]
[3, 4]
result:  0 , 7
tnum a:  (1, 0) - tnum b:  (2, 4)
[1] [2, 6]
[3, 7]
result:  3 , 4
tnum a:  (1, 0) - tnum b:  (2, 5)
[1] [2, 3, 6, 7]
[3, 4, 7, 0]
result:  0 , 7
tnum a:  (1, 0) - tnum b:  (3, 0)
[1] [3]
[4]
result:  4 , 0
tnum a:  (1, 0) - tnum b:  (3, 4)
[1] [3, 7]
[4, 0]
result:  0 , 4
tnum a:  (1, 0) - tnum b:  (4, 0)
[1] [4]
[5]
result:  5 , 0
tnum a:  (1, 0) - tnum b:  (4, 1)
[1] [4, 5]
[5, 6]
result:  4 , 3
tnum a:  (1, 0) - tnum b:  (4, 2)
[1] [4, 6]
[5, 7]
result:  5 , 2
tnum a:  (1, 0) - tnum b:  (4, 3)
[1] [4, 5, 6, 7]
[5, 6, 7, 0]
result:  0 , 7
tnum a:  (1, 0) - tnum b:  (5, 0)
[1] [5]
[6]
result:  6 , 0
tnum a:  (1, 0) - tnum b:  (5, 2)
[1] [5, 7]
[6, 0]
result:  0 , 6
tnum a:  (1, 0) - tnum b:  (6, 0)
[1] [6]
[7]
result:  7 , 0
tnum a:  (1, 0) - tnum b:  (6, 1)
[1] [6, 7]
[7, 0]
result:  0 , 7
tnum a:  (1, 0) - tnum b:  (7, 0)
[1] [7]
[0]
result:  0 , 0
tnum a:  (1, 2) - tnum b:  (1, 4)
[1, 3] [1, 5]
[2, 6, 4, 0]
result:  0 , 6
tnum a:  (1, 2) - tnum b:  (1, 6)
[1, 3] [1, 3, 5, 7]
[2, 4, 6, 0, 4, 6, 0, 2]
result:  0 , 6
tnum a:  (1, 2) - tnum b:  (2, 0)
[1, 3] [2]
[3, 5]
result:  1 , 6
tnum a:  (1, 2) - tnum b:  (2, 1)
[1, 3] [2, 3]
[3, 4, 5, 6]
result:  0 , 7
tnum a:  (1, 2) - tnum b:  (2, 4)
[1, 3] [2, 6]
[3, 7, 5, 1]
result:  1 , 6
tnum a:  (1, 2) - tnum b:  (2, 5)
[1, 3] [2, 3, 6, 7]
[3, 4, 7, 0, 5, 6, 1, 2]
result:  0 , 7
tnum a:  (1, 2) - tnum b:  (3, 0)
[1, 3] [3]
[4, 6]
result:  4 , 2
tnum a:  (1, 2) - tnum b:  (3, 4)
[1, 3] [3, 7]
[4, 0, 6, 2]
result:  0 , 6
tnum a:  (1, 2) - tnum b:  (4, 0)
[1, 3] [4]
[5, 7]
result:  5 , 2
tnum a:  (1, 2) - tnum b:  (4, 1)
[1, 3] [4, 5]
[5, 6, 7, 0]
result:  0 , 7
tnum a:  (1, 2) - tnum b:  (4, 2)
[1, 3] [4, 6]
[5, 7, 7, 1]
result:  1 , 6
tnum a:  (1, 2) - tnum b:  (4, 3)
[1, 3] [4, 5, 6, 7]
[5, 6, 7, 0, 7, 0, 1, 2]
result:  0 , 7
tnum a:  (1, 2) - tnum b:  (5, 0)
[1, 3] [5]
[6, 0]
result:  0 , 6
tnum a:  (1, 2) - tnum b:  (5, 2)
[1, 3] [5, 7]
[6, 0, 0, 2]
result:  0 , 6
tnum a:  (1, 2) - tnum b:  (6, 0)
[1, 3] [6]
[7, 1]
result:  1 , 6
tnum a:  (1, 2) - tnum b:  (6, 1)
[1, 3] [6, 7]
[7, 0, 1, 2]
result:  0 , 7
tnum a:  (1, 2) - tnum b:  (7, 0)
[1, 3] [7]
[0, 2]
result:  0 , 2
tnum a:  (1, 4) - tnum b:  (1, 6)
[1, 5] [1, 3, 5, 7]
[2, 4, 6, 0, 6, 0, 2, 4]
result:  0 , 6
tnum a:  (1, 4) - tnum b:  (2, 0)
[1, 5] [2]
[3, 7]
result:  3 , 4
tnum a:  (1, 4) - tnum b:  (2, 1)
[1, 5] [2, 3]
[3, 4, 7, 0]
result:  0 , 7
tnum a:  (1, 4) - tnum b:  (2, 4)
[1, 5] [2, 6]
[3, 7, 7, 3]
result:  3 , 4
tnum a:  (1, 4) - tnum b:  (2, 5)
[1, 5] [2, 3, 6, 7]
[3, 4, 7, 0, 7, 0, 3, 4]
result:  0 , 7
tnum a:  (1, 4) - tnum b:  (3, 0)
[1, 5] [3]
[4, 0]
result:  0 , 4
tnum a:  (1, 4) - tnum b:  (3, 4)
[1, 5] [3, 7]
[4, 0, 0, 4]
result:  0 , 4
tnum a:  (1, 4) - tnum b:  (4, 0)
[1, 5] [4]
[5, 1]
result:  1 , 4
tnum a:  (1, 4) - tnum b:  (4, 1)
[1, 5] [4, 5]
[5, 6, 1, 2]
result:  0 , 7
tnum a:  (1, 4) - tnum b:  (4, 2)
[1, 5] [4, 6]
[5, 7, 1, 3]
result:  1 , 6
tnum a:  (1, 4) - tnum b:  (4, 3)
[1, 5] [4, 5, 6, 7]
[5, 6, 7, 0, 1, 2, 3, 4]
result:  0 , 7
tnum a:  (1, 4) - tnum b:  (5, 0)
[1, 5] [5]
[6, 2]
result:  2 , 4
tnum a:  (1, 4) - tnum b:  (5, 2)
[1, 5] [5, 7]
[6, 0, 2, 4]
result:  0 , 6
tnum a:  (1, 4) - tnum b:  (6, 0)
[1, 5] [6]
[7, 3]
result:  3 , 4
tnum a:  (1, 4) - tnum b:  (6, 1)
[1, 5] [6, 7]
[7, 0, 3, 4]
result:  0 , 7
tnum a:  (1, 4) - tnum b:  (7, 0)
[1, 5] [7]
[0, 4]
result:  0 , 4
tnum a:  (1, 6) - tnum b:  (2, 0)
[1, 3, 5, 7] [2]
[3, 5, 7, 1]
result:  1 , 6
tnum a:  (1, 6) - tnum b:  (2, 1)
[1, 3, 5, 7] [2, 3]
[3, 4, 5, 6, 7, 0, 1, 2]
result:  0 , 7
tnum a:  (1, 6) - tnum b:  (2, 4)
[1, 3, 5, 7] [2, 6]
[3, 7, 5, 1, 7, 3, 1, 5]
result:  1 , 6
tnum a:  (1, 6) - tnum b:  (2, 5)
[1, 3, 5, 7] [2, 3, 6, 7]
[3, 4, 7, 0, 5, 6, 1, 2, 7, 0, 3, 4, 1, 2, 5, 6]
result:  0 , 7
tnum a:  (1, 6) - tnum b:  (3, 0)
[1, 3, 5, 7] [3]
[4, 6, 0, 2]
result:  0 , 6
tnum a:  (1, 6) - tnum b:  (3, 4)
[1, 3, 5, 7] [3, 7]
[4, 0, 6, 2, 0, 4, 2, 6]
result:  0 , 6
tnum a:  (1, 6) - tnum b:  (4, 0)
[1, 3, 5, 7] [4]
[5, 7, 1, 3]
result:  1 , 6
tnum a:  (1, 6) - tnum b:  (4, 1)
[1, 3, 5, 7] [4, 5]
[5, 6, 7, 0, 1, 2, 3, 4]
result:  0 , 7
tnum a:  (1, 6) - tnum b:  (4, 2)
[1, 3, 5, 7] [4, 6]
[5, 7, 7, 1, 1, 3, 3, 5]
result:  1 , 6
tnum a:  (1, 6) - tnum b:  (4, 3)
[1, 3, 5, 7] [4, 5, 6, 7]
[5, 6, 7, 0, 7, 0, 1, 2, 1, 2, 3, 4, 3, 4, 5, 6]
result:  0 , 7
tnum a:  (1, 6) - tnum b:  (5, 0)
[1, 3, 5, 7] [5]
[6, 0, 2, 4]
result:  0 , 6
tnum a:  (1, 6) - tnum b:  (5, 2)
[1, 3, 5, 7] [5, 7]
[6, 0, 0, 2, 2, 4, 4, 6]
result:  0 , 6
tnum a:  (1, 6) - tnum b:  (6, 0)
[1, 3, 5, 7] [6]
[7, 1, 3, 5]
result:  1 , 6
tnum a:  (1, 6) - tnum b:  (6, 1)
[1, 3, 5, 7] [6, 7]
[7, 0, 1, 2, 3, 4, 5, 6]
result:  0 , 7
tnum a:  (1, 6) - tnum b:  (7, 0)
[1, 3, 5, 7] [7]
[0, 2, 4, 6]
result:  0 , 6
tnum a:  (2, 0) - tnum b:  (2, 1)
[2] [2, 3]
[4, 5]
result:  4 , 1
tnum a:  (2, 0) - tnum b:  (2, 4)
[2] [2, 6]
[4, 0]
result:  0 , 4
tnum a:  (2, 0) - tnum b:  (2, 5)
[2] [2, 3, 6, 7]
[4, 5, 0, 1]
result:  0 , 5
tnum a:  (2, 0) - tnum b:  (3, 0)
[2] [3]
[5]
result:  5 , 0
tnum a:  (2, 0) - tnum b:  (3, 4)
[2] [3, 7]
[5, 1]
result:  1 , 4
tnum a:  (2, 0) - tnum b:  (4, 0)
[2] [4]
[6]
result:  6 , 0
tnum a:  (2, 0) - tnum b:  (4, 1)
[2] [4, 5]
[6, 7]
result:  6 , 1
tnum a:  (2, 0) - tnum b:  (4, 2)
[2] [4, 6]
[6, 0]
result:  0 , 6
tnum a:  (2, 0) - tnum b:  (4, 3)
[2] [4, 5, 6, 7]
[6, 7, 0, 1]
result:  0 , 7
tnum a:  (2, 0) - tnum b:  (5, 0)
[2] [5]
[7]
result:  7 , 0
tnum a:  (2, 0) - tnum b:  (5, 2)
[2] [5, 7]
[7, 1]
result:  1 , 6
tnum a:  (2, 0) - tnum b:  (6, 0)
[2] [6]
[0]
result:  0 , 0
tnum a:  (2, 0) - tnum b:  (6, 1)
[2] [6, 7]
[0, 1]
result:  0 , 1
tnum a:  (2, 0) - tnum b:  (7, 0)
[2] [7]
[1]
result:  1 , 0
tnum a:  (2, 1) - tnum b:  (2, 4)
[2, 3] [2, 6]
[4, 0, 5, 1]
result:  0 , 5
tnum a:  (2, 1) - tnum b:  (2, 5)
[2, 3] [2, 3, 6, 7]
[4, 5, 0, 1, 5, 6, 1, 2]
result:  0 , 7
tnum a:  (2, 1) - tnum b:  (3, 0)
[2, 3] [3]
[5, 6]
result:  4 , 3
tnum a:  (2, 1) - tnum b:  (3, 4)
[2, 3] [3, 7]
[5, 1, 6, 2]
result:  0 , 7
tnum a:  (2, 1) - tnum b:  (4, 0)
[2, 3] [4]
[6, 7]
result:  6 , 1
tnum a:  (2, 1) - tnum b:  (4, 1)
[2, 3] [4, 5]
[6, 7, 7, 0]
result:  0 , 7
tnum a:  (2, 1) - tnum b:  (4, 2)
[2, 3] [4, 6]
[6, 0, 7, 1]
result:  0 , 7
tnum a:  (2, 1) - tnum b:  (4, 3)
[2, 3] [4, 5, 6, 7]
[6, 7, 0, 1, 7, 0, 1, 2]
result:  0 , 7
tnum a:  (2, 1) - tnum b:  (5, 0)
[2, 3] [5]
[7, 0]
result:  0 , 7
tnum a:  (2, 1) - tnum b:  (5, 2)
[2, 3] [5, 7]
[7, 1, 0, 2]
result:  0 , 7
tnum a:  (2, 1) - tnum b:  (6, 0)
[2, 3] [6]
[0, 1]
result:  0 , 1
tnum a:  (2, 1) - tnum b:  (6, 1)
[2, 3] [6, 7]
[0, 1, 1, 2]
result:  0 , 3
tnum a:  (2, 1) - tnum b:  (7, 0)
[2, 3] [7]
[1, 2]
result:  0 , 3
tnum a:  (2, 4) - tnum b:  (2, 5)
[2, 6] [2, 3, 6, 7]
[4, 5, 0, 1, 0, 1, 4, 5]
result:  0 , 5
tnum a:  (2, 4) - tnum b:  (3, 0)
[2, 6] [3]
[5, 1]
result:  1 , 4
tnum a:  (2, 4) - tnum b:  (3, 4)
[2, 6] [3, 7]
[5, 1, 1, 5]
result:  1 , 4
tnum a:  (2, 4) - tnum b:  (4, 0)
[2, 6] [4]
[6, 2]
result:  2 , 4
tnum a:  (2, 4) - tnum b:  (4, 1)
[2, 6] [4, 5]
[6, 7, 2, 3]
result:  2 , 5
tnum a:  (2, 4) - tnum b:  (4, 2)
[2, 6] [4, 6]
[6, 0, 2, 4]
result:  0 , 6
tnum a:  (2, 4) - tnum b:  (4, 3)
[2, 6] [4, 5, 6, 7]
[6, 7, 0, 1, 2, 3, 4, 5]
result:  0 , 7
tnum a:  (2, 4) - tnum b:  (5, 0)
[2, 6] [5]
[7, 3]
result:  3 , 4
tnum a:  (2, 4) - tnum b:  (5, 2)
[2, 6] [5, 7]
[7, 1, 3, 5]
result:  1 , 6
tnum a:  (2, 4) - tnum b:  (6, 0)
[2, 6] [6]
[0, 4]
result:  0 , 4
tnum a:  (2, 4) - tnum b:  (6, 1)
[2, 6] [6, 7]
[0, 1, 4, 5]
result:  0 , 5
tnum a:  (2, 4) - tnum b:  (7, 0)
[2, 6] [7]
[1, 5]
result:  1 , 4
tnum a:  (2, 5) - tnum b:  (3, 0)
[2, 3, 6, 7] [3]
[5, 6, 1, 2]
result:  0 , 7
tnum a:  (2, 5) - tnum b:  (3, 4)
[2, 3, 6, 7] [3, 7]
[5, 1, 6, 2, 1, 5, 2, 6]
result:  0 , 7
tnum a:  (2, 5) - tnum b:  (4, 0)
[2, 3, 6, 7] [4]
[6, 7, 2, 3]
result:  2 , 5
tnum a:  (2, 5) - tnum b:  (4, 1)
[2, 3, 6, 7] [4, 5]
[6, 7, 7, 0, 2, 3, 3, 4]
result:  0 , 7
tnum a:  (2, 5) - tnum b:  (4, 2)
[2, 3, 6, 7] [4, 6]
[6, 0, 7, 1, 2, 4, 3, 5]
result:  0 , 7
tnum a:  (2, 5) - tnum b:  (4, 3)
[2, 3, 6, 7] [4, 5, 6, 7]
[6, 7, 0, 1, 7, 0, 1, 2, 2, 3, 4, 5, 3, 4, 5, 6]
result:  0 , 7
tnum a:  (2, 5) - tnum b:  (5, 0)
[2, 3, 6, 7] [5]
[7, 0, 3, 4]
result:  0 , 7
tnum a:  (2, 5) - tnum b:  (5, 2)
[2, 3, 6, 7] [5, 7]
[7, 1, 0, 2, 3, 5, 4, 6]
result:  0 , 7
tnum a:  (2, 5) - tnum b:  (6, 0)
[2, 3, 6, 7] [6]
[0, 1, 4, 5]
result:  0 , 5
tnum a:  (2, 5) - tnum b:  (6, 1)
[2, 3, 6, 7] [6, 7]
[0, 1, 1, 2, 4, 5, 5, 6]
result:  0 , 7
tnum a:  (2, 5) - tnum b:  (7, 0)
[2, 3, 6, 7] [7]
[1, 2, 5, 6]
result:  0 , 7
tnum a:  (3, 0) - tnum b:  (3, 4)
[3] [3, 7]
[6, 2]
result:  2 , 4
tnum a:  (3, 0) - tnum b:  (4, 0)
[3] [4]
[7]
result:  7 , 0
tnum a:  (3, 0) - tnum b:  (4, 1)
[3] [4, 5]
[7, 0]
result:  0 , 7
tnum a:  (3, 0) - tnum b:  (4, 2)
[3] [4, 6]
[7, 1]
result:  1 , 6
tnum a:  (3, 0) - tnum b:  (4, 3)
[3] [4, 5, 6, 7]
[7, 0, 1, 2]
result:  0 , 7
tnum a:  (3, 0) - tnum b:  (5, 0)
[3] [5]
[0]
result:  0 , 0
tnum a:  (3, 0) - tnum b:  (5, 2)
[3] [5, 7]
[0, 2]
result:  0 , 2
tnum a:  (3, 0) - tnum b:  (6, 0)
[3] [6]
[1]
result:  1 , 0
tnum a:  (3, 0) - tnum b:  (6, 1)
[3] [6, 7]
[1, 2]
result:  0 , 3
tnum a:  (3, 0) - tnum b:  (7, 0)
[3] [7]
[2]
result:  2 , 0
tnum a:  (3, 4) - tnum b:  (4, 0)
[3, 7] [4]
[7, 3]
result:  3 , 4
tnum a:  (3, 4) - tnum b:  (4, 1)
[3, 7] [4, 5]
[7, 0, 3, 4]
result:  0 , 7
tnum a:  (3, 4) - tnum b:  (4, 2)
[3, 7] [4, 6]
[7, 1, 3, 5]
result:  1 , 6
tnum a:  (3, 4) - tnum b:  (4, 3)
[3, 7] [4, 5, 6, 7]
[7, 0, 1, 2, 3, 4, 5, 6]
result:  0 , 7
tnum a:  (3, 4) - tnum b:  (5, 0)
[3, 7] [5]
[0, 4]
result:  0 , 4
tnum a:  (3, 4) - tnum b:  (5, 2)
[3, 7] [5, 7]
[0, 2, 4, 6]
result:  0 , 6
tnum a:  (3, 4) - tnum b:  (6, 0)
[3, 7] [6]
[1, 5]
result:  1 , 4
tnum a:  (3, 4) - tnum b:  (6, 1)
[3, 7] [6, 7]
[1, 2, 5, 6]
result:  0 , 7
tnum a:  (3, 4) - tnum b:  (7, 0)
[3, 7] [7]
[2, 6]
result:  2 , 4
tnum a:  (4, 0) - tnum b:  (4, 1)
[4] [4, 5]
[0, 1]
result:  0 , 1
tnum a:  (4, 0) - tnum b:  (4, 2)
[4] [4, 6]
[0, 2]
result:  0 , 2
tnum a:  (4, 0) - tnum b:  (4, 3)
[4] [4, 5, 6, 7]
[0, 1, 2, 3]
result:  0 , 3
tnum a:  (4, 0) - tnum b:  (5, 0)
[4] [5]
[1]
result:  1 , 0
tnum a:  (4, 0) - tnum b:  (5, 2)
[4] [5, 7]
[1, 3]
result:  1 , 2
tnum a:  (4, 0) - tnum b:  (6, 0)
[4] [6]
[2]
result:  2 , 0
tnum a:  (4, 0) - tnum b:  (6, 1)
[4] [6, 7]
[2, 3]
result:  2 , 1
tnum a:  (4, 0) - tnum b:  (7, 0)
[4] [7]
[3]
result:  3 , 0
tnum a:  (4, 1) - tnum b:  (4, 2)
[4, 5] [4, 6]
[0, 2, 1, 3]
result:  0 , 3
tnum a:  (4, 1) - tnum b:  (4, 3)
[4, 5] [4, 5, 6, 7]
[0, 1, 2, 3, 1, 2, 3, 4]
result:  0 , 7
tnum a:  (4, 1) - tnum b:  (5, 0)
[4, 5] [5]
[1, 2]
result:  0 , 3
tnum a:  (4, 1) - tnum b:  (5, 2)
[4, 5] [5, 7]
[1, 3, 2, 4]
result:  0 , 7
tnum a:  (4, 1) - tnum b:  (6, 0)
[4, 5] [6]
[2, 3]
result:  2 , 1
tnum a:  (4, 1) - tnum b:  (6, 1)
[4, 5] [6, 7]
[2, 3, 3, 4]
result:  0 , 7
tnum a:  (4, 1) - tnum b:  (7, 0)
[4, 5] [7]
[3, 4]
result:  0 , 7
tnum a:  (4, 2) - tnum b:  (4, 3)
[4, 6] [4, 5, 6, 7]
[0, 1, 2, 3, 2, 3, 4, 5]
result:  0 , 7
tnum a:  (4, 2) - tnum b:  (5, 0)
[4, 6] [5]
[1, 3]
result:  1 , 2
tnum a:  (4, 2) - tnum b:  (5, 2)
[4, 6] [5, 7]
[1, 3, 3, 5]
result:  1 , 6
tnum a:  (4, 2) - tnum b:  (6, 0)
[4, 6] [6]
[2, 4]
result:  0 , 6
tnum a:  (4, 2) - tnum b:  (6, 1)
[4, 6] [6, 7]
[2, 3, 4, 5]
result:  0 , 7
tnum a:  (4, 2) - tnum b:  (7, 0)
[4, 6] [7]
[3, 5]
result:  1 , 6
tnum a:  (4, 3) - tnum b:  (5, 0)
[4, 5, 6, 7] [5]
[1, 2, 3, 4]
result:  0 , 7
tnum a:  (4, 3) - tnum b:  (5, 2)
[4, 5, 6, 7] [5, 7]
[1, 3, 2, 4, 3, 5, 4, 6]
result:  0 , 7
tnum a:  (4, 3) - tnum b:  (6, 0)
[4, 5, 6, 7] [6]
[2, 3, 4, 5]
result:  0 , 7
tnum a:  (4, 3) - tnum b:  (6, 1)
[4, 5, 6, 7] [6, 7]
[2, 3, 3, 4, 4, 5, 5, 6]
result:  0 , 7
tnum a:  (4, 3) - tnum b:  (7, 0)
[4, 5, 6, 7] [7]
[3, 4, 5, 6]
result:  0 , 7
tnum a:  (5, 0) - tnum b:  (5, 2)
[5] [5, 7]
[2, 4]
result:  0 , 6
tnum a:  (5, 0) - tnum b:  (6, 0)
[5] [6]
[3]
result:  3 , 0
tnum a:  (5, 0) - tnum b:  (6, 1)
[5] [6, 7]
[3, 4]
result:  0 , 7
tnum a:  (5, 0) - tnum b:  (7, 0)
[5] [7]
[4]
result:  4 , 0
tnum a:  (5, 2) - tnum b:  (6, 0)
[5, 7] [6]
[3, 5]
result:  1 , 6
tnum a:  (5, 2) - tnum b:  (6, 1)
[5, 7] [6, 7]
[3, 4, 5, 6]
result:  0 , 7
tnum a:  (5, 2) - tnum b:  (7, 0)
[5, 7] [7]
[4, 6]
result:  4 , 2
tnum a:  (6, 0) - tnum b:  (6, 1)
[6] [6, 7]
[4, 5]
result:  4 , 1
tnum a:  (6, 0) - tnum b:  (7, 0)
[6] [7]
[5]
result:  5 , 0
tnum a:  (6, 1) - tnum b:  (7, 0)
[6, 7] [7]
[5, 6]
result:  4 , 3
351 additions performed
Counter({(0, 7): 144, (1, 6): 37, (0, 6): 34, (0, 5): 10, (1, 4): 10, (2, 5): 10, (3, 4): 10, (0, 3): 9, (0, 4): 9, (2, 4): 9, (4, 3): 9, (0, 1): 4, (0, 2): 4, (1, 0): 4, (1, 2): 4, (2, 1): 4, (3, 0): 4, (4, 1): 4, (4, 2): 4, (5, 0): 4, (5, 2): 4, (6, 1): 4, (7, 0): 4, (2, 0): 3, (4, 0): 3, (6, 0): 3, (0, 0): 3})
